2903
6239
6549
6550
6551
6610
6661
7175
9234
9465
9470
9483
9534
9544
9598
9606
10090
13347
13514
13616
29092
29158
31869
34828
34903
36989
37347
37623
39298
42433
47230
53602
66189
72727
74433
81629
82168
85549
87289
87890
88925
88926
96803
96811
100182
102905
103715
104515
109282
109283
109671
112780
113330
113334
113340
115092
115104
115105
127386
135651
136493
155721
156563
167833
167852
175860
176853
190770
218773
219786
260824
260826
272628
279094
293995
313354
317547
332519
338210
348593
348827
351233
363721
379532
396355
447135
471970
471983
578794
604783
942590
942591
942593
947578
1194296
1249492
1249493
1419345
1464559
1502934
1502937
1763996
1816287
